1990 482 1.42 0.02 527
1991 443 1.58 0.02 493
1992 400 1.50 0.02 447
1993 288 1.49 0.02 336
1994 222 1.34 0.02 264
1995 240 1.49 0.02 287
1996 263 1.62 0.02 314
1997 265 1.57 0.02 315
1998 275 1.47 0.02 322
1999 295 1.63 0.02 347
2000 258 1.57 0.02 308
2001 257 1.76 0.02 312
2002 216 1.67 0.02 269
2003 237 1.75 0.02 292
2004 226 1.86 0.03 285
2005 165 1.78 0.02 221
2006 151 1.75 0.02 206
2007 129 1.67 0.02 182
2008 132 1.72 0.02 186
2009 92 1.72 0.02 147
2010 91 1.94 0.03 152
2011 74 1.86 0.02 133
2012 60 2.01 0.03 124
2013 70 2.20 0.03 139
2014 75 2.03 0.03 138
2015 73 2.08 0.03 139
2016 88 2.13 0.03 155
2017 78 2.23 0.03 148
2018 69 2.02 0.03 133
2019 73 1.87 0.02 132
2020 63 1.89 0.03 123
2021 67 2.12 0.03 134