1990 9827 17.94 0.32 10414
1991 10921 18.71 0.35 11539
1992 10000 16.88 0.33 10560
1993 9888 15.72 0.33 10415
1994 9188 14.28 0.31 9668
1995 9776 15.48 0.33 10295
1996 10541 15.23 0.35 11062
1997 9040 13.24 0.32 9496
1998 9293 12.52 0.31 9727
1999 9372 12.27 0.32 9801
2000 8999 11.87 0.30 9411
2001 9194 12.09 0.31 9616
2002 8674 10.85 0.29 9055
2003 8779 10.28 0.29 9144
2004 8510 9.79 0.28 8858
2005 8791 9.60 0.28 9135
2006 8460 9.81 0.29 8813
2007 7488 9.54 0.29 7833
2008 7643 9.66 0.30 7993
2009 7355 9.52 0.31 7702
2010 8051 10.56 0.34 8438
2011 6996 9.52 0.32 7348
2012 6736 9.90 0.34 7102
2013 6977 9.96 0.35 7348
2014 6105 8.60 0.30 6426
2015 6462 8.80 0.32 6793
2016 6763 9.00 0.33 7102
2017 6734 9.02 0.33 7075
2018 6075 8.16 0.30 6384
2019 6285 8.23 0.31 6598
2020 6364 8.15 0.31 6675
2021 7080 9.08 0.35 7428