1990 1719 0.09 0.02 1727
1991 1853 0.10 0.02 1863
1992 1882 0.10 0.02 1890
1993 1997 0.10 0.02 2006
1994 2031 0.10 0.02 2040
1995 2282 0.10 0.02 2290
1996 2412 0.12 0.03 2423
1997 2508 0.13 0.03 2520
1998 2239 0.11 0.03 2249
1999 1680 0.19 0.05 1698
2000 1738 0.15 0.04 1753
2001 1705 0.16 0.04 1721
2002 1521 0.15 0.04 1536
2003 1721 0.17 0.05 1739
2004 1783 0.19 0.05 1802
2005 2082 0.26 0.08 2111
2006 2106 0.27 0.09 2136
2007 1928 0.31 0.10 1964
2008 1916 0.28 0.09 1949
2009 1964 0.30 0.10 2000
2010 2099 0.31 0.10 2135
2011 1913 0.32 0.11 1952
2012 2017 0.34 0.12 2058
2013 1920 0.31 0.11 1958
2014 1618 0.29 0.11 1654
2015 1489 0.30 0.11 1526
2016 1647 0.26 0.09 1679
2017 1649 0.26 0.09 1681
2018 1566 0.23 0.08 1594
2019 1438 0.21 0.07 1463
2020 1417 0.23 0.08 1445
2021 1505 0.23 0.08 1533