1990 847 0.07 0.02 855
1991 858 0.08 0.02 866
1992 931 0.09 0.03 941
1993 1001 0.08 0.02 1008
1994 946 0.07 0.02 953
1995 986 0.07 0.02 993
1996 1062 0.09 0.03 1071
1997 1155 0.10 0.03 1164
1998 1082 0.08 0.02 1090
1999 1327 0.11 0.03 1339
2000 1341 0.11 0.03 1352
2001 1374 0.09 0.02 1383
2002 1376 0.11 0.03 1386
2003 1454 0.13 0.04 1468
2004 1373 0.14 0.04 1388
2005 1348 0.07 0.02 1355
2006 1275 0.08 0.02 1282
2007 1167 0.07 0.02 1174
2008 1386 0.10 0.03 1396
2009 1418 0.09 0.03 1428
2010 1547 0.11 0.03 1559
2011 1487 0.10 0.03 1498
2012 1486 0.11 0.03 1497
2013 1384 0.09 0.03 1394
2014 1418 0.10 0.03 1427
2015 1394 0.09 0.02 1403
2016 1550 0.10 0.03 1559
2017 1627 0.10 0.03 1637
2018 1471 0.10 0.03 1481
2019 1462 0.09 0.03 1472
2020 1426 0.08 0.02 1435
2021 1582 0.10 0.03 1593