1990 256 0.01 0.09 280
1991 289 0.01 0.10 317
1992 306 0.02 0.11 335
1993 322 0.02 0.11 353
1994 338 0.02 0.12 370
1995 358 0.02 0.13 393
1996 446 0.02 0.17 491
1997 420 0.02 0.16 464
1998 494 0.02 0.19 546
1999 471 0.02 0.19 522
2000 551 0.02 0.22 610
2001 518 0.02 0.21 574
2002 504 0.02 0.20 558
2003 537 0.02 0.21 592
2004 591 0.02 0.20 645
2005 810 0.02 0.23 873
2006 979 0.02 0.24 1044
2007 1060 0.02 0.23 1122
2008 1166 0.01 0.23 1228
2009 1124 0.01 0.21 1179
2010 1077 0.01 0.19 1129
2011 1082 0.01 0.19 1132
2012 1119 0.01 0.18 1167
2013 1128 0.01 0.17 1174
2014 1102 0.01 0.16 1146
2015 1068 0.01 0.15 1109
2016 1083 0.01 0.15 1122
2017 1142 0.01 0.15 1182
2018 1222 0.01 0.15 1262
2019 1289 0.01 0.15 1329
2020 1238 0.005 0.14 1275
2021 1349 0.005 0.15 1389