1990 0.47 11.13 5.30 0.00 124.44 441.13 267.02
1991 0.51 11.90 7.50 0.00 176.20 441.13 319.55
1992 0.54 12.66 7.66 0.00 180.03 441.13 324.15
1993 0.57 13.43 7.82 0.00 183.87 441.13 328.75
1994 0.60 14.20 9.13 0.00 214.54 441.13 360.20
1995 0.63 14.74 11.14 0.00 261.86 441.13 408.06
1996 0.62 14.68 11.71 0.00 275.13 441.13 421.27
1997 0.63 14.88 11.99 0.00 281.86 441.13 428.19
1998 0.70 16.54 12.57 0.00 295.37 441.13 443.36
1999 0.69 16.28 11.87 0.00 278.96 441.13 426.69
2000 0.75 17.55 8.98 0.00 211.01 441.13 360.01
2001 0.78 18.37 10.60 0.00 249.14 403.13 387.63
2002 0.82 19.24 10.79 0.00 253.45 365.13 381.50
2003 0.85 19.99 7.28 0.00 171.04 327.13 288.51
2004 0.91 21.39 4.40 0.00 103.47 289.13 211.03
2005 0.97 22.88 13.40 0.00 314.87 251.13 412.59
2006 1.00 23.52 11.32 0.21 266.04 221.13 355.45
2007 1.07 25.25 10.89 0.17 255.99 208.13 343.26
2008 1.13 26.66 10.81 0.11 253.96 196.13 339.07
2009 1.17 27.43 10.68 0.00 250.87 161.13 326.31
2010 1.28 30.01 10.57 0.00 248.32 175.73 330.70
2011 1.28 30.17 10.46 0.00 245.77 163.83 324.75
2012 1.39 32.55 10.35 0.00 243.20 145.13 319.00
2013 1.43 33.61 10.27 0.00 241.37 152.52 320.43
2014 1.51 35.47 10.16 0.00 238.83 144.30 317.30
2015 1.59 37.44 10.05 0.00 236.28 138.99 315.13
2016 1.68 39.55 13.97 0.00 328.33 139.93 409.57
2017 1.69 39.64 13.81 0.00 324.47 132.00 403.45
2018 1.81 42.53 13.64 0.00 320.64 128.12 401.35
2019 1.86 43.71 15.68 0.00 368.39 133.61 451.92
2020 1.93 45.41 16.64 0.00 391.06 126.21 474.08
2021 1.99 46.67 12.94 0.00 304.15 122.45 387.30