1990 3114 1463 8304 349 133 NO 252 13615
1991 2970 1498 8369 323 215 NO 305 13681
1992 3014 1385 6751 295 288 0.01 310 12043
1993 2945 1466 6436 266 360 209 314 11996
1994 3042 1382 7147 250 432 229 346 12827
1995 2673 1447 8033 234 512 315 394 13606
1996 2613 1466 7578 239 413 380 407 13097
1997 2785 1449 8111 242 610 463 414 14073
1998 2623 1471 7868 236 485 562 429 13673
1999 2625 1499 7569 231 463 653 412 13452
2000 2761 1521 8489 198 420 673 346 14408
2001 2785 1334 8373 194 474 804 374 14338
2002 2866 1365 8869 179 460 953 369 15061
2003 2853 1467 8769 180 512 1023 278 15081
2004 2936 947 8872 155 548 1091 201 14751
2005 2906 920 9800 174 342 1099 409 15652
2006 3060 963 10154 188 356 1108 350 16178
2007 3275 886 10714 192 367 1154 338 16926
2008 3290 981 10962 188 349 1200 334 17303
2009 2732 778 8550 167 112 1310 321 13970
2010 2677 776 10420 169 144 1424 325 15935
2011 2800 780 10429 168 113 1516 319 16126
2012 2725 754 10082 160 97 1597 314 15730
2013 2739 692 10468 151 86 1687 315 16139
2014 2739 806 10407 146 93 1786 313 16289
2015 2760 777 10823 132 102 1895 311 16800
2016 2804 797 10387 134 88 1883 405 16498
2017 2815 739 11159 142 87 1889 399 17231
2018 2926 639 9469 145 78 1942 397 15596
2019 2833 834 10375 147 85 1798 448 16520
2020 2846 779 9518 154 54 1702 470 15524
2021 3050 784 11039 165 53 1483 383 16959