1990 3893 3633 260 31 144 13 17 55
1991 3900 3631 269 32 149 13 18 57
1992 3908 3629 279 33 155 13 18 59
1993 3916 3627 288 34 160 14 19 61
1994 3923 3647 277 33 153 13 18 59
1995 3928 3667 261 31 145 13 17 55
1996 3934 3688 246 29 136 12 16 52
1997 3939 3709 230 27 128 11 15 49
1998 3944 3730 215 26 119 10 14 45
1999 3950 3740 209 25 116 10 14 44
2000 3955 3751 204 24 113 10 13 43
2001 3960 3762 199 24 110 10 13 42
2002 3964 3771 193 23 107 10 13 42
2003 3969 3781 188 22 104 10 12 41
2004 3973 3787 186 21 102 10 12 42
2005 3977 3793 185 20 101 10 12 42
2006 3981 3799 183 20 99 10 11 42
2007 3986 3805 181 19 98 11 11 42
2008 3990 3811 179 18 97 11 11 43
2009 3992 3819 173 17 92 11 11 42
2010 3994 3827 168 17 88 10 10 42
2011 3997 3835 162 16 85 10 10 41
2012 3999 3843 156 15 81 10 10 41
2013 4001 3851 150 14 77 10 9 40
2014 4004 3859 145 14 73 9 9 40
2015 4006 3863 143 13 71 9 9 40
2016 4008 3867 141 13 69 9 9 40
2017 4010 3872 139 13 67 9 9 41
2018 4013 3876 137 13 65 9 9 41
2019 4015 3880 135 12 63 9 9 41
2020 4017 3884 133 12 62 9 9 42
2021 4020 3888 131 12 60 9 9 42