1990 1500824 1 469 195 1 448 707 13 243 7 244 31 630 4 125 27 504 26 947 557 NO NO NO
1991 1499680 1 467 868 1 447 409 13 225 7 234 31 812 4 346 27 466 26 909 556 NO NO NO
1992 1498535 1 466 542 1 446 111 13 206 7 224 31 993 4 567 27 427 26 871 555 NO NO NO
1993 1497391 1 465 216 1 444 815 13 187 7 214 32 175 4 787 27 388 26 833 555 NO NO NO
1994 1495296 1 463 156 1 442 785 13 168 7 203 32 140 4 792 27 347 26 793 554 NO NO NO
1995 1493201 1 461 186 1 440 846 13 147 7 192 32 015 4 710 27 305 26 752 553 NO NO NO
1996 1487853 1 455 967 1 435 662 13 125 7 180 31 886 4 628 27 258 26 706 552 NO NO NO
1997 1482505 1 450 753 1 430 487 13 100 7 166 31 752 4 546 27 206 26 655 551 NO NO NO
1998 1479191 1 447 576 1 427 351 13 074 7 152 31 615 4 463 27 152 26 602 550 NO NO NO
1999 1475877 1 444 298 1 424 115 13 046 7 137 31 579 4 483 27 095 26 547 549 NO NO NO
2000 1473875 1 442 335 1 422 196 13 018 7 121 31 540 4 504 27 037 26 489 547 NO NO NO
2001 1471874 1 440 370 1 420 272 12 991 7 107 31 504 4 524 26 981 26 434 546 NO NO NO
2002 1469872 1 438 333 1 418 275 12 965 7 093 31 539 4 612 26 927 26 382 545 NO NO NO
2003 1467871 1 436 097 1 415 687 13 209 7 200 31 774 4 699 27 074 26 503 571 NO NO NO
2004 1465979 1 434 725 1 414 502 13 043 7 180 31 254 4 581 26 673 26 116 557 NO NO NO
2005 1464088 1 432 840 1 412 888 12 897 7 055 31 248 4 463 26 785 26 242 542 NO NO NO
2006 1462064 1 429 178 1 409 262 12 668 7 248 32 887 4 345 28 542 28 027 515 NO NO NO
2007 1460041 1 424 244 1 403 187 12 805 8 252 35 796 4 226 31 570 31 016 554 NO NO NO
2008 1453427 1 414 621 1 393 792 12 762 8 067 38 806 4 108 34 698 34 132 566 NO NO NO
2009 1446814 1 407 631 1 386 728 12 558 8 345 39 182 3 939 35 244 34 639 605 NO NO NO
2010 1440524 1 401 241 1 380 371 12 407 8 462 39 284 3 792 35 492 34 862 630 NO NO NO
2011 1438296 1 398 878 1 378 346 12 089 8 442 39 418 3 644 35 774 35 053 721 NO NO NO
2012 1436068 1 395 877 1 375 687 11 753 8 437 40 190 3 497 36 693 35 934 759 NO NO NO
2013 1433839 1 392 959 1 373 160 11 411 8 388 40 880 3 350 37 530 36 733 798 NO NO NO
2014 1427616 1 385 448 1 365 556 11 472 8 420 42 168 3 202 38 966 38 091 874 NO NO NO
2015 1421392 1 375 605 1 354 824 11 845 8 936 45 787 3 143 42 645 41 590 1 055 NO NO NO
2016 1415330 1 366 921 1 345 528 12 198 9 196 48 409 3 083 45 325 44 134 1 192 NO NO NO
2017 1409456 1 359 417 1 337 687 12 529 9 201 50 038 3 023 47 015 45 729 1 287 NO NO NO
2018 1403582 1 352 830 1 331 175 12 411 9 244 50 752 2 964 47 788 46 463 1 325 NO NO NO
2019 1397708 1 346 016 1 324 349 12 245 9 422 51 692 2 904 48 788 47 433 1 355 NO NO NO
2020 1391834 1 339 051 1 317 461 11 972 9 618 52 784 2 844 49 939 48 571 1 369 NO NO NO
2021 1390513 1 336 637 1 315 047 11 737 9 853 53 876 2 785 51 091 49 710 1 382 NO NO NO