1990 132616 127 105 5 511 1 706 NO 3 804 NO NO
1991 133068 126 557 6 510 1 798 NO 4 713 NO NO
1992 133519 126 009 7 510 1 889 NO 5 621 NO NO
1993 133970 125 461 8 509 1 980 NO 6 529 NO NO
1994 134421 125 002 9 420 1 982 NO 7 437 NO NO
1995 134873 124 726 10 147 1 948 NO 8 199 NO NO
1996 135587 124 449 11 138 1 914 NO 9 223 NO NO
1997 136301 124 173 12 128 1 880 NO 10 248 NO NO
1998 137016 123 897 13 119 1 846 NO 11 273 NO NO
1999 137730 123 579 14 152 1 854 NO 12 297 NO NO
2000 138445 123 260 15 185 1 863 NO 13 322 NO NO
2001 139159 122 942 16 218 1 871 NO 14 347 NO NO
2002 139874 122 305 17 569 1 898 NO 15 671 NO NO
2003 140588 121 669 18 919 1 924 NO 16 995 NO NO
2004 141303 121 118 20 185 1 865 NO 18 320 NO NO
2005 142017 120 567 21 451 1 806 NO 19 644 NO NO
2006 142245 120 441 21 804 1 747 NO 20 057 NO NO
2007 142575 120 667 21 908 1 688 NO 20 219 NO NO
2008 143477 120 893 22 584 1 630 NO 20 955 NO NO
2009 144265 121 599 22 665 1 759 NO 20 906 NO NO
2010 145084 122 288 22 795 1 898 NO 20 897 NO NO
2011 146123 122 977 23 146 2 037 NO 21 109 NO NO
2012 146989 123 666 23 323 2 175 NO 21 147 NO NO
2013 149360 124 355 25 005 2 314 NO 22 691 NO NO
2014 150292 125 044 25 248 2 453 NO 22 795 NO NO
2015 150626 125 550 25 076 2 628 NO 22 449 NO NO
2016 151849 126 319 25 530 2 803 NO 22 727 NO NO
2017 152600 127 088 25 512 2 978 NO 22 534 NO NO
2018 153309 127 857 25 452 3 153 NO 22 299 NO NO
2019 153708 128 626 25 081 3 327 NO 21 754 NO NO
2020 153986 129 396 24 590 3 502 NO 21 088 NO NO
2021 154371 130 165 24 206 3 677 NO 20 529 NO NO