1990 8505 525 1024 2462 875 69
1991 9459 652 1053 2685 1031 69
1992 9275 586 1099 2783 1104 71
1993 9137 556 1116 2863 1307 74
1994 9147 509 1158 2985 1220 78
1995 9173 493 1179 3101 1337 83
1996 8984 373 1216 3199 3060 88
1997 8979 315 1238 3305 1997 94
1998 9679 462 1274 3409 2989 100
1999 9580 303 1313 3496 2488 106
2000 9778 291 1340 3624 3049 110
2001 10291 465 1366 3669 3630 113
2002 11323 992 1405 3770 4063 117
2003 11997 1449 1433 3939 4482 120
2004 12207 1684 1451 4023 4440 122
2005 12214 1933 1436 3986 4573 125
2006 11988 1904 1400 3959 3515 129
2007 12109 2120 1416 3980 3340 133
2008 11338 1979 1369 3799 3037 135
2009 11137 2073 1330 3368 2992 140
2010 11177 2079 1349 3561 3525 143
2011 11118 1969 1367 3647 2846 147
2012 10943 1924 1359 3647 3007 152
2013 10982 1835 1379 3650 4076 158
2014 11079 1805 1400 3536 3503 163
2015 11345 2007 1428 3533 3433 167
2016 11721 2173 1490 3934 3273 173
2017 11916 2322 1536 4165 3344 176
2018 11788 2437 1549 4291 3381 174
2019 11500 2402 1596 4340 3696 173
2020 10072 1310 1611 4196 3220 157
2021 10306 1462 1712 4525 3274 149