1990 852 852 852 852
1991 861 861 861 861
1992 852 852 852 852
1993 861 861 861 861
1994 852 852 852 852
1995 861 861 861 861
1996 852 852 852 852
1997 861 861 861 861
1998 852 852 852 852
1999 861 861 861 861
2000 852 852 852 852
2001 861 861 861 861
2002 852 852 852 852
2003 861 861 861 861
2004 852 852 852 852
2005 861 861 861 861
2006 852 852 852 852
2007 861 861 861 861
2008 852 852 852 852
2009 861 861 861 861
2010 852 852 852 852
2011 861 861 861 861
2012 852 852 852 852
2013 861 861 861 861
2014 852 852 852 852
2015 861 861 861 861
2016 852 852 852 852
2017 861 861 861 861
2018 852 852 852 852
2019 861 861 861 861
2020 852 852 852 852
2021 861 861 861 861