1990 8399.71 5054.58 1141.11 2116.95 1.14 45.67 9.60 30.66
1991 8310.60 4993.28 1134.50 2095.08 1.10 44.24 11.58 30.82
1992 7968.44 4783.11 1089.27 2004.63 1.12 45.67 13.62 31.02
1993 8073.15 4923.15 1093.05 1968.12 0.98 42.53 15.57 29.76
1994 8035.80 4912.34 1084.08 1955.02 1.10 36.82 17.91 28.53
1995 8130.44 4998.26 1085.50 1961.35 1.11 35.68 19.79 28.76
1996 7994.77 4911.60 1063.94 1938.04 1.04 31.97 19.37 28.81
1997 7935.84 4827.65 1048.51 1968.83 1.13 39.96 20.17 29.58
1998 7911.02 4799.39 1048.94 1969.11 1.10 41.10 21.45 29.93
1999 7787.08 4761.56 1015.68 1922.85 1.15 36.53 21.57 27.74
2000 7643.63 4691.74 994.32 1867.23 1.00 42.60 19.36 27.37
2001 7561.76 4613.45 986.09 1868.90 1.15 47.86 16.46 27.86
2002 7439.39 4521.94 960.31 1859.51 1.09 50.59 16.77 29.17
2003 7286.34 4468.92 949.66 1772.82 1.01 50.41 19.10 24.43
2004 7249.75 4463.80 936.87 1756.76 1.75 50.47 21.15 18.95
2005 7181.23 4407.09 931.53 1746.14 0.93 53.62 21.89 20.03
2006 7153.30 4372.68 941.02 1735.73 0.83 58.08 24.88 20.08
2007 7201.59 4375.44 966.85 1748.50 0.87 61.89 27.72 20.31
2008 7300.42 4354.16 964.29 1856.45 0.85 71.62 26.18 26.88
2009 7325.99 4399.83 993.97 1805.33 0.78 72.14 31.43 22.52
2010 7188.18 4382.46 1005.19 1687.44 0.73 68.61 28.85 14.89
2011 7265.47 4324.96 1016.26 1797.78 0.47 77.15 27.47 21.37
2012 7212.42 4288.00 1025.48 1765.00 0.27 80.84 30.63 22.20
2013 7211.17 4298.70 1041.82 1743.21 0.22 75.34 30.28 21.60
2014 7346.22 4316.20 1062.36 1834.59 0.29 75.14 34.04 23.59
2015 7376.00 4317.11 1082.34 1830.85 0.20 83.43 34.90 27.15
2016 7488.82 4327.40 1098.46 1911.15 0.21 83.80 39.26 28.55
2017 7444.13 4333.66 1122.90 1836.71 0.14 86.03 38.30 26.38
2018 7330.20 4276.46 1106.07 1792.74 0.11 96.50 32.03 26.30
2019 7221.21 4213.94 1094.37 1762.02 0.10 99.40 26.77 24.61
2020 7197.46 4182.08 1089.08 1777.34 0.00 98.94 24.54 25.47
2021 7221.16 4191.86 1094.19 1785.82 NO 99.11 23.12 27.06