1990 12601 19.89 0.37 13255
1991 13756 20.80 0.40 14317
1992 13218 18.90 0.37 13731
1993 13168 17.72 0.37 13656
1994 11885 16.06 0.34 12329
1995 13054 17.48 0.37 13535
1996 14006 17.35 0.40 14495
1997 12593 15.24 0.37 13028
1998 12659 14.37 0.36 13073
1999 13275 14.40 0.38 13695
2000 12054 13.87 0.35 12454
2001 13244 14.36 0.37 13661
2002 13244 14.36 0.37 13661
2003 13236 12.59 0.35 13610
2004 12708 12.20 0.34 13070
2005 12373 11.78 0.34 12727
2006 12217 12.03 0.35 12579
2007 10224 11.60 0.34 10574
2008 10539 11.80 0.35 10896
2009 9653 11.59 0.35 10006
2010 9801 12.84 0.39 10192
2011 8556 11.66 0.37 8914
2012 8185 12.14 0.38 8557
2013 8434 12.39 0.39 8816
2014 7426 10.81 0.34 7760
2015 7831 11.10 0.36 8177
2016 8074 11.32 0.37 8427
2017 8232 11.48 0.38 8591
2018 7507 10.41 0.35 7834
2019 7726 10.35 0.36 8053
2020 7717 10.27 0.36 8043
2021 8702 11.48 0.40 9068