1990 2292 0.53 0.03 2313
1991 2392 0.51 0.03 2413
1992 2818 0.51 0.02 2839
1993 2992 0.51 0.02 3012
1994 2476 0.44 0.02 2493
1995 3038 0.51 0.02 3059
1996 3201 0.49 0.03 3222
1997 3288 0.42 0.03 3308
1998 3091 0.38 0.03 3109
1999 3608 0.50 0.04 3631
2000 2797 0.43 0.03 2817
2001 3794 0.51 0.03 3817
2002 3628 0.50 0.03 3650
2003 4220 0.55 0.04 4246
2004 3972 0.55 0.03 3997
2005 3418 0.40 0.03 3437
2006 3606 0.47 0.03 3629
2007 2607 0.39 0.03 2626
2008 2764 0.43 0.03 2783
2009 2206 0.35 0.02 2222
2010 1660 0.34 0.02 1675
2011 1487 0.28 0.02 1499
2012 1389 0.23 0.01 1399
2013 1387 0.23 0.01 1398
2014 1247 0.18 0.01 1255
2015 1296 0.22 0.01 1306
2016 1224 0.19 0.01 1232
2017 1420 0.23 0.02 1431
2018 1362 0.24 0.02 1374
2019 1367 0.24 0.02 1379
2020 1290 0.23 0.02 1301
2021 1554 0.27 0.02 1568