1990 11056 0.24 0.13 11098
1991 11768 0.26 0.15 11814
1992 8599 0.25 0.11 8636
1993 8431 0.26 0.10 8465
1994 8712 0.26 0.10 8747
1995 9812 0.27 0.12 9852
1996 11073 0.33 0.14 11121
1997 11108 0.34 0.15 11157
1998 10103 0.33 0.13 10146
1999 10069 0.31 0.13 10111
2000 9768 0.30 0.14 9815
2001 11270 0.36 0.17 11326
2002 10529 0.37 0.18 10586
2003 12986 0.43 0.21 13053
2004 12685 0.46 0.22 12757
2005 12726 0.50 0.22 12798
2006 11639 0.58 0.25 11723
2007 10394 0.63 0.27 10484
2008 10301 0.70 0.29 10397
2009 9256 0.77 0.30 9356
2010 10661 0.88 0.35 10778
2011 10248 0.89 0.36 10368
2012 8805 0.90 0.36 8925
2013 7804 0.87 0.35 7922
2014 6309 0.84 0.33 6419
2015 7299 0.90 0.34 7415
2016 7109 0.90 0.33 7221
2017 7784 0.92 0.33 7898
2018 6872 0.88 0.32 6982
2019 6953 0.86 0.31 7059
2020 5665 0.87 0.31 5771
2021 5635 0.90 0.32 5744