1990 1669 0.10 0.02 1677
1991 1668 0.10 0.02 1675
1992 1673 0.11 0.02 1682
1993 1621 0.10 0.02 1629
1994 1693 0.10 0.02 1701
1995 1520 0.09 0.02 1528
1996 1551 0.10 0.02 1559
1997 1698 0.11 0.02 1707
1998 1600 0.11 0.02 1609
1999 1472 0.09 0.02 1480
2000 1540 0.11 0.02 1550
2001 1508 0.12 0.03 1518
2002 1659 0.11 0.03 1670
2003 1687 0.11 0.02 1697
2004 1830 0.12 0.03 1841
2005 1656 0.14 0.04 1669
2006 1772 0.16 0.04 1787
2007 1895 0.17 0.04 1912
2008 1845 0.17 0.05 1862
2009 1554 0.15 0.04 1569
2010 1528 0.14 0.04 1542
2011 1546 0.14 0.04 1560
2012 1530 0.15 0.04 1545
2013 1552 0.15 0.04 1567
2014 1613 0.16 0.05 1630
2015 1605 0.17 0.05 1623
2016 1631 0.16 0.05 1648
2017 1636 0.17 0.05 1654
2018 1694 0.18 0.05 1713
2019 1664 0.17 0.05 1682
2020 1654 0.17 0.05 1672
2021 1682 0.18 0.05 1701