1990 1833 0.03 0.003 1834
1991 1441 0.02 0.003 1442
1992 1186 0.02 0.002 1187
1993 1366 0.02 0.003 1367
1994 1281 0.02 0.003 1282
1995 1338 0.02 0.003 1339
1996 1602 0.03 0.003 1604
1997 1862 0.03 0.003 1864
1998 1161 0.02 0.003 1162
1999 1330 0.02 0.003 1331
2000 1275 0.02 0.003 1277
2001 1439 0.03 0.003 1440
2002 1686 0.03 0.003 1687
2003 1734 0.03 0.003 1735
2004 1903 0.03 0.003 1905
2005 1845 0.03 0.003 1846
2006 1553 0.03 0.003 1554
2007 1216 0.02 0.002 1217
2008 1302 0.02 0.003 1304
2009 1020 0.02 0.002 1021
2010 1275 0.02 0.003 1277
2011 1446 0.03 0.003 1447
2012 1483 0.03 0.003 1485
2013 1606 0.03 0.003 1608
2014 1496 0.03 0.003 1497
2015 1406 0.02 0.002 1407
2016 1577 0.03 0.003 1578
2017 1658 0.03 0.003 1660
2018 1771 0.03 0.003 1773
2019 1805 0.03 0.003 1806
2020 1803 0.03 0.003 1805
2021 1774 0.03 0.003 1776