990 2394 0.05 0.01 2398
1991 2428 0.06 0.01 2432
1992 2389 0.05 0.01 2393
1993 2732 0.06 0.01 2736
1994 2709 0.06 0.01 2714
1995 2590 0.06 0.01 2594
1996 2647 0.07 0.01 2651
1997 2640 0.07 0.01 2645
1998 2633 0.07 0.01 2638
1999 2234 0.06 0.01 2238
2000 2214 0.06 0.01 2218
2001 2129 0.06 0.01 2133
2002 2565 0.07 0.01 2570
2003 2687 0.08 0.01 2693
2004 2844 0.08 0.01 2850
2005 2827 0.08 0.01 2833
2006 2830 0.08 0.01 2836
2007 2868 0.08 0.01 2873
2008 2806 0.07 0.01 2811
2009 2809 0.08 0.01 2815
2010 2724 0.07 0.01 2730
2011 2768 0.07 0.01 2774
2012 2836 0.08 0.01 2842
2013 2827 0.08 0.02 2833
2014 2713 0.08 0.01 2719
2015 2804 0.09 0.02 2811
2016 2784 0.09 0.02 2791
2017 2739 0.08 0.01 2745
2018 2824 0.08 0.02 2831
2019 2791 0.08 0.01 2797
2020 2732 0.08 0.01 2738
2021 2750 0.08 0.01 2755