1990 2208 0.20 0.07 2233
1991 2670 0.23 0.08 2697
1992 2159 0.21 0.08 2186
1993 2016 0.25 0.09 2048
1994 2546 0.26 0.10 2579
1995 2301 0.25 0.10 2334
1996 2392 0.23 0.08 2421
1997 2818 0.22 0.08 2845
1998 2631 0.21 0.08 2658
1999 2342 0.23 0.09 2372
2000 2379 0.20 0.08 2405
2001 2249 0.23 0.09 2280
2002 2256 0.20 0.08 2282
2003 2431 0.21 0.08 2458
2004 2288 0.21 0.08 2315
2005 2293 0.26 0.10 2327
2006 2195 0.26 0.10 2229
2007 2186 0.25 0.10 2220
2008 2191 0.23 0.10 2223
2009 2195 0.22 0.09 2225
2010 2312 0.23 0.09 2343
2011 2264 0.23 0.09 2295
2012 2023 0.23 0.10 2055
2013 1899 0.23 0.10 1931
2014 1741 0.22 0.09 1772
2015 1829 0.21 0.09 1858
2016 1774 0.22 0.09 1805
2017 1776 0.22 0.09 1807
2018 1883 0.23 0.10 1915
2019 1970 0.24 0.10 2004
2020 1800 0.22 0.09 1831
2021 1811 0.21 0.09 1841
