1990 2.04 30.62 100.39 0.00 133.05
1991 3.26 39.52 172.30 0.00 215.08
1992 4.71 48.42 234.62 0.00 287.75
1993 6.16 57.32 296.95 0.00 360.43
1994 7.61 64.07 359.27 0.71 431.66
1995 9.04 75.28 421.59 6.03 511.93
1996 10.32 72.47 322.80 7.42 413.01
1997 10.00 106.08 479.68 14.53 610.30
1998 3.14 50.27 423.24 8.83 485.47
1999 3.42 71.59 380.04 7.71 462.77
2000 4.01 79.09 327.10 9.84 420.03
2001 4.70 106.13 352.88 9.84 473.55
2002 4.28 93.07 352.37 9.84 459.56
2003 4.12 115.59 371.75 20.18 511.63
2004 4.30 145.06 374.00 24.84 548.21
2005 4.22 144.93 166.31 26.36 341.82
2006 5.33 154.50 165.34 30.64 355.81
2007 7.49 207.21 96.74 55.59 367.04
2008 7.83 187.55 103.96 50.05 349.39
2009 1.81 32.63 73.32 4.25 112.01
2010 1.72 70.51 67.57 3.85 143.65
2011 1.73 66.43 40.69 3.84 112.69
2012 1.75 45.95 41.11 8.02 96.83
2013 1.77 44.62 30.62 9.13 86.14
2014 1.68 48.02 33.18 9.89 92.78
2015 1.98 44.89 42.95 12.60 102.43
2016 1.79 45.65 34.60 5.75 87.79
2017 3.77 39.75 32.17 11.24 86.93
2018 4.30 29.40 29.26 15.46 78.41
2019 3.39 34.70 34.31 12.74 85.13
2020 2.58 27.02 13.35 11.27 54.22
2021 2.90 23.40 15.02 11.96 53.28