1990 380055 230 483 149 572 9 792 95 550 44 230 NO NO
1991 386858 236 470 150 388 10 315 91 005 49 068 NO NO
1992 393661 242 308 151 353 10 839 86 563 53 951 NO NO
1993 400465 248 146 152 319 11 362 82 122 58 834 NO NO
1994 407268 255 375 151 893 11 375 78 018 62 501 NO NO
1995 414071 262 854 151 217 11 180 74 277 65 760 NO NO
1996 420874 270 333 150 542 10 984 73 787 65 771 NO NO
1997 427678 277 812 149 866 10 789 73 295 65 782 NO NO
1998 434481 285 290 149 191 10 593 70 773 67 824 NO NO
1999 441284 292 107 149 177 10 641 68 541 69 994 NO NO
2000 448088 298 924 149 163 10 689 64 998 73 476 NO NO
2001 454891 305 741 149 149 10 737 61 454 76 959 NO NO
2002 461694 313 012 148 682 11 151 58 176 79 355 NO NO
2003 468497 320 283 148 214 11 565 55 122 81 527 NO NO
2004 475395 327 324 148 071 11 490 52 125 84 456 NO NO
2005 482293 334 365 147 928 11 414 49 126 87 388 NO NO
2006 489190 341 406 147 784 11 339 47 377 89 069 NO NO
2007 494950 348 447 146 504 11 263 45 037 90 203 NO NO
2008 502903 355 488 147 415 11 188 41 413 94 815 NO NO
2009 513017 362 623 150 394 11 056 41 322 98 016 NO NO
2010 521598 369 734 151 863 10 976 42 999 97 888 NO NO
2011 529188 376 846 152 342 10 896 43 919 97 527 NO NO
2012 537502 383 957 153 545 10 816 46 259 96 470 NO NO
2013 543587 391 068 152 519 10 736 47 932 93 851 NO NO
2014 550122 398 179 151 942 10 656 52 881 88 405 NO NO
2015 555150 405 041 150 110 10 784 53 701 85 624 NO NO
2016 559699 411 902 147 797 10 912 51 558 85 327 NO NO
2017 564200 418 763 145 437 11 040 49 667 84 730 NO NO
2018 569569 425 624 143 945 11 168 52 337 80 440 NO NO
2019 574878 432 485 142 393 11 296 54 946 76 151 NO NO
2020 579341 439 347 139 994 11 423 58 017 70 554 NO NO
2021 580486 446 208 134 278 11 551 57 779 64 948 NO NO