1990 -12347 -11078 171 685 47 448 502 -3122 0.97 0.42
1991 -19344 -19110 165 680 47 460 511 -2098 0.96 0.44
1992 -9670 -9716 159 676 47 483 521 -1840 0.96 0.45
1993 -17213 -17453 152 671 47 505 531 -1667 0.96 0.47
1994 -9822 -9148 157 672 47 523 532 -2604 0.96 0.47
1995 -19920 -18865 127 468 34 473 413 -2569 0.95 0.46
1996 -19003 -17540 99 470 39 483 410 -2964 0.95 0.45
1997 -22823 -21609 71 473 39 482 407 -2686 0.95 0.44
1998 -19397 -18250 49 476 39 481 403 -2595 0.96 0.44
1999 -20619 -20098 13 476 40 489 404 -1943 0.95 0.44
2000 -14428 -13928 -30 476 40 498 406 -1889 0.96 0.44
2001 -29571 -28197 -107 476 40 511 407 -2701 0.95 0.44
2002 -13330 -11348 -127 731 52 629 369 -3635 0.97 0.45
2003 -15448 -12889 -127 727 52 643 370 -4223 0.97 0.45
2004 -22571 -20778 -139 728 52 652 362 -3448 0.95 0.45
2005 -18565 -16768 -131 728 52 662 353 -3461 0.95 0.45
2006 -9220 -7075 -128 727 42 672 345 -3803 0.96 0.45
2007 -5830 -2401 -145 723 44 658 337 -5045 0.95 0.46
2008 -12523 -9465 -101 713 56 700 328 -4755 0.96 0.47
2009 -8200 -8742 -140 540 85 687 496 -1126 0.96 0.47
2010 -19910 -19097 -139 533 86 663 495 -2452 0.96 0.47
2011 -15510 -14426 -143 528 90 633 494 -2687 0.96 0.47
2012 -5917 -5459 -152 526 86 643 493 -2055 0.96 0.46
2013 -6391 -6852 -136 525 118 599 492 -1138 0.96 0.46
2014 -7758 -7982 -107 523 88 601 491 -1372 0.96 0.45
2015 -6710 -7056 -44 517 75 558 494 -1254 0.96 0.45
2016 -7139 -7646 9 491 94 554 497 -1137 0.95 0.45
2017 -3396 -3344 59 469 84 555 500 -1719 0.95 0.45
2018 4776 5056 87 453 83 563 503 -1969 0.96 0.45
2019 1989 1753 117 448 76 549 507 -1462 0.96 0.44
2020 -5364 -6954 167 443 76 516 510 -122 0.96 0.43
2021 -10541 -10375 259 434 76 441 514 -1889 0.97 0.42