1990 1713483 1655668 57814 32467 25347 25090 257 NO NO NO
1991 1701090 1641575 59515 34203 25312 25055 257 NO NO NO
1992 1688697 1627481 61216 35939 25277 25020 257 NO NO NO
1993 1676304 1613389 62916 37675 25241 24985 256 NO NO NO
1994 1664862 1601941 62921 37716 25205 24949 256 NO NO NO
1995 1655389 1593153 62236 37069 25168 24912 255 NO NO NO
1996 1648906 1587356 61550 36421 25129 24874 255 NO NO NO
1997 1642424 1581565 60859 35773 25086 24831 255 NO NO NO
1998 1633907 1573744 60164 35125 25038 24784 254 NO NO NO
1999 1625390 1565118 60272 35284 24988 24734 254 NO NO NO
2000 1615561 1555183 60378 35442 24936 24683 253 NO NO NO
2001 1605732 1545249 60483 35601 24882 24629 253 NO NO NO
2002 1597776 1536325 61451 36621 24830 24578 252 NO NO NO
2003 1589819 1527424 62395 37640 24755 24479 276 NO NO NO
2004 1581658 1520156 61502 37037 24465 24202 263 NO NO NO
2005 1573497 1512373 61124 36433 24691 24440 251 NO NO NO
2006 1565954 1504681 61273 35830 25443 25205 238 NO NO NO
2007 1559448 1496165 63283 35227 28057 27758 299 NO NO NO
2008 1554766 1483498 71268 34623 36645 36358 286 NO NO NO
2009 1549036 1476281 72755 34146 38610 38336 274 NO NO NO
2010 1544485 1470713 73771 33840 39931 39634 298 NO NO NO
2011 1536642 1462137 74504 33534 40970 40685 285 NO NO NO
2012 1528249 1453795 74454 33228 41226 40953 272 NO NO NO
2013 1520579 1445590 74989 32923 42067 41771 296 NO NO NO
2014 1517895 1442003 75892 32617 43275 42847 428 NO NO NO
2015 1517314 1433823 83491 33001 50491 49679 812 NO NO NO
2016 1516164 1426521 89642 33384 56258 55237 1021 NO NO NO
2017 1515344 1420984 94360 33768 60592 59535 1058 NO NO NO
2018 1513698 1418063 95635 34152 61484 60403 1081 NO NO NO
2019 1512422 1415225 97198 34535 62663 61530 1132 NO NO NO
2020 1512113 1412351 99763 34919 64844 63672 1171 NO NO NO
2021 1510464 1409379 101084 35303 65782 64551 1231 NO NO NO