1990 4081 35 29 223 4367
1991 4160 36 25 223 4445
1992 4115 43 12 221 4391
1993 4078 54 11 218 4361
1994 3956 64 11 218 4249
1995 3758 67 12 218 4055
1996 3546 71 12 213 3842
1997 3386 70 12 207 3676
1998 3254 72 13 201 3540
1999 3118 76 13 198 3405
2000 2987 81 13 196 3277
2001 2865 83 13 196 3157
2002 2855 87 13 191 3145
2003 2851 90 13 185 3139
2004 2897 106 13 183 3199
2005 2730 116 13 182 3041
2006 2591 123 11 181 2906
2007 2446 128 8.7 179 2762
2008 2322 129 6.7 178 2636
2009 2138 130 4.6 176 2450
2010 1978 134 2.6 175 2289
2011 1831 136 2.6 174 2143
2012 1701 140 2.6 173 2017
2013 1566 132 2.6 172 1874
2014 1435 138 2.6 171 1747
2015 1328 141 2.6 173 1645
2016 1221 146 2.6 176 1546
2017 1135 144 2.6 176 1457
2018 1052 144 2.6 175 1373
2019 988 148 2.6 176 1315
2020 931 150 2.6 176 1259
2021 878 153 2.6 177 1211